10111100110101100000101100011110001110101111010010101001000111010101110101010010
10000011010000100001100011101000100111010111111111101101011001011100010101010111
10001010000010111110011011010111110011010011100000001110010101010011001000111001
00110000101110010000010000010000011001111010011110111001000000000110101000110001
01101111101101101000000101000000110100010000111001001110010010111101100100000100
01000000101110001001000110111110010010110001000100000111100101101110101101101111
10011110011010001100100111110101100001001000000000010010101111000100010110110110
00000100111110111011111010110100100111100111110011100001111101111110000110001100
00010001110001111011100001110110111010101000101001011001110101000101111110110010
11000011111101100110111010110110010010001100010010001100101010010001000010011010
